0.000000
0.000000
0.000000
0.000000
0.000000
0.000000
0.000000
0.000005
0.000005
0.000021
0.000032
0.000048
0.000064
0.000074
0.000074
0.000074
0.000074
0.000079
0.000079
0.000079
0.000079
0.000095
0.000148
0.000281
0.000498
0.000815
0.001381
0.002032
0.002974
0.003959
0.005134
0.006330
0.007669
0.009045
0.010463
0.011644
0.013279
0.014629
0.016132
0.017672
0.019207
0.020906
0.022594
0.024346
0.026182
0.028030
0.029887
0.031994
0.034106
0.036323
0.038594
0.041171
0.043892
0.046464
0.049396
0.052217
0.055191
0.058203
0.061537
0.065062
0.068619
0.072424
0.076595
0.080532
0.084449
0.088609
0.092737
0.096828
0.101168
0.105868
0.110637
0.115405
0.120370
0.125535
0.130547
0.135655
0.141058
0.146415
0.151914
0.157211
0.162610
0.168178
0.173793
0.179509
0.185659
0.191253
0.196842
0.202394
0.208042
0.213472
0.218966
0.224639
0.230101
0.235680
0.241221
0.246831
0.252738
0.258025
0.263646
0.269065
0.274379
0.279640
0.284980
0.290426
0.295618
0.301011
0.306145
0.311348
0.316397
0.321536
0.326538
0.331327
0.336604
0.341558
0.346496
0.351482
0.356319
0.361098
0.365925
0.370657
0.375203
0.379755
0.384132
0.388810
0.393346
0.398035
0.402259
0.406583
0.410796
0.415168
0.419592
0.423662
0.428002
0.432136
0.436259
0.440450
0.444669
0.448617
0.452406
0.456407
0.460303
0.464018
0.467977
0.471761
0.475593
0.479663
0.483442
0.487200
0.490841
0.494287
0.497759
0.501516
0.505046
0.508693
0.511652
0.515108
0.518469
0.521708
0.525243
0.528667
0.531726
0.534786
0.538088
0.541158
0.544217
0.547292
0.550356
0.553484
0.556369
0.559105
0.562154
0.565006
0.567806
0.570643
0.573284
0.576184
0.578899
0.581488
0.584245
0.586955
0.589580
0.592290
0.594883
0.597265
0.599726
0.602293
0.604706
0.607157
0.609649
0.612079
0.614572
0.616969
0.619388
0.622008
0.624315
0.626649
0.628936
0.631296
0.633498
0.635551
0.637923
0.639944
0.642003
0.644231
0.646137
0.648402
0.650450
0.652424
0.654605
0.656711
0.658791
0.660930
0.662925
0.665005
0.667132
0.669122
0.671049
0.673055
0.674944
0.677077
0.678967
0.680830
0.682550
0.684296
0.686170
0.687938
0.689748
0.691563
0.693199
0.694887
0.696475
0.698359
0.700031
0.701698
0.703498
0.705139
0.706901
0.708563
0.710230
0.711876
0.713723
0.715353
0.717110
0.718756
0.720434
0.721980
0.723552
0.725314
0.726992
0.728659
0.730294
0.731866
0.733380
0.734925
0.736407
0.737662
0.739144
0.740525
0.741811
0.743124
0.744441
0.745754
0.746971
0.748284
0.749543
0.750819
0.751983
0.753142
0.754307
0.755371
0.756503
0.757625
0.758774
0.759906
0.760912
0.762018
0.762981
0.764172
0.765120
0.766236
0.767321
0.768401
0.769438
0.770476
0.771444
0.772498
0.773365
0.774308
0.775308
0.776335
0.777488
0.778515
0.779468
0.780526
0.781569
0.782596
0.783564
0.784485
0.785523
0.786534
0.787486
0.788423
0.789280
0.790159
0.791059
0.791948
0.792773
0.793784
0.794626
0.795510
0.796388
0.797330
0.798241
0.798992
0.799797
0.800622
0.801406
0.802194
0.803020
0.803946
0.804698
0.805476
0.806243
0.806984
0.807746
0.808392
0.809096
0.809784
0.810493
0.811266
0.812049
0.812716
0.813425
0.814097
0.814812
0.815526
0.816251
0.816934
0.817590
0.818284
0.818956
0.819628
0.820385
0.821057
0.821999
0.822655
0.823386
0.824053
0.824767
0.825439
0.826112
0.826768
0.827562
0.828271
0.829023
0.829816
0.830568
0.831288
0.832071
0.832833
0.833458
0.834177
0.834807
0.835342
0.835929
0.836538
0.837104
0.837718
0.838226
0.838851
0.839354
0.840036
0.840682
0.841291
0.841809
0.842339
0.842953
0.843477
0.843900
0.844371
0.844768
0.845266
0.845694
0.846260
0.846763
0.847160
0.847626
0.848055
0.848510
0.849018
0.849473
0.849897
0.850283
0.850627
0.850997
0.851447
0.851892
0.852299
0.852749
0.853194
0.853601
0.853998
0.854416
0.854866
0.855316
0.855734
0.856131
0.856539
0.856883
0.857259
0.857735
0.858164
0.858598
0.858957
0.859397
0.859815
0.860122
0.860455
0.860773
0.861112
0.861498
0.861900
0.862297
0.862710
0.863128
0.863451
0.863805
0.864139
0.864557
0.864912
0.865261
0.865616
0.865912
0.866277
0.866695
0.867034
0.867352
0.867696
0.867992
0.868336
0.868675
0.868923
0.869215
0.869532
0.869850
0.870231
0.870585
0.870876
0.871236
0.871564
0.871850
0.872147
0.872448
0.872745
0.873068
0.873375
0.873703
0.874084
0.874380
0.874602
0.874931
0.875227
0.875518
0.875857
0.876164
0.876550
0.876846
0.877185
0.877503
0.877836
0.878074
0.878455
0.878762
0.879091
0.879392
0.879720
0.880070
0.880329
0.880662
0.880916
0.881255
0.881525
0.881859
0.882139
0.882430
0.882727
0.883012
0.883325
0.883621
0.883843
0.884166
0.884410
0.884717
0.885034
0.885309
0.885622
0.885934
0.886209
0.886447
0.886691
0.886934
0.887194
0.887516
0.887786
0.888024
0.888278
0.888570
0.888855
0.889120
0.889395
0.889633
0.889930
0.890210
0.890475
0.890798
0.891025
0.891279
0.891533
0.891825
0.892073
0.892317
0.892565
0.892777
0.893026
0.893254
0.893486
0.893756
0.893936
0.894164
0.894434
0.894667
0.894974
0.895217
0.895471
0.895725
0.895969
0.896207
0.896477
0.896768
0.896995
0.897234
0.897451
0.897747
0.897948
0.898165
0.898419
0.898610
0.898853
0.899044
0.899224
0.899414
0.899652
0.899848
0.900049
0.900277
0.900430
0.900674
0.900912
0.901118
0.901319
0.901521
0.901753
0.901933
0.902119
0.902320
0.902521
0.902759
0.902955
0.903177
0.903399
0.903627
0.903812
0.904019
0.904241
0.904479
0.904675
0.904908
0.905162
0.905427
0.905696
0.905935
0.906130
0.906347
0.906596
0.906866
0.907104
0.907353
0.907581
0.907803
0.908030
0.908290
0.908554
0.908766
0.909004
0.909216
0.909459
0.909798
0.910058
0.910327
0.910587
0.910883
0.911153
0.911307
0.911539
0.911825
0.912053
0.912370
0.912609
0.912810
0.912990
0.913185
0.913429
0.913699
0.913942
0.914180
0.914424
0.914678
0.914916
0.915133
0.915387
0.915615
0.915848
0.916112
0.916340
0.916583
0.916832
0.917065
0.917308
0.917557
0.917864
0.918076
0.918309
0.918515
0.918759
0.918965
0.919245
0.919468
0.919685
0.919933
0.920145
0.920357
0.920569
0.920802
0.920992
0.921156
0.921400
0.921611
0.921839
0.922024
0.922278
0.922495
0.922702
0.922908
0.923104
0.923353
0.923564
0.923787
0.924004
0.924300
0.924554
0.924750
0.924914
0.925126
0.925353
0.925618
0.925777
0.925988
0.926189
0.926359
0.926560
0.926756
0.927063
0.927285
0.927497
0.927666
0.927825
0.927978
0.928153
0.928333
0.928523
0.928661
0.928889
0.929084
0.929233
0.929376
0.929503
0.929667
0.929825
0.929937
0.930132
0.930249
0.930360
0.930513
0.930603
0.930762
0.930910
0.931011
0.931106
0.931233
0.931291
0.931408
0.931551
0.931731
0.931884
0.932043
0.932144
0.932286
0.932419
0.932525
0.932689
0.932810
0.932916
0.933012
0.933128
0.933244
0.933334
0.933446
0.933583
0.933689
0.933800
0.933932
0.934038
0.934160
0.934292
0.934435
0.934541
0.934705
0.934800
0.934917
0.935044
0.935181
0.935319
0.935425
0.935552
0.935658
0.935790
0.935901
0.936071
0.936177
0.936282
0.936404
0.936558
0.936711
0.936806
0.936912
0.936992
0.937082
0.937129
0.937193
0.937325
0.937426
0.937537
0.937653
0.937754
0.937854
0.937965
0.938098
0.938257
0.938341
0.938463
0.938553
0.938611
0.938733
0.938823
0.938939
0.939029
0.939140
0.939289
0.939379
0.939484
0.939585
0.939696
0.939828
0.939918
0.940024
0.940135
0.940231
0.940352
0.940464
0.940564
0.940733
0.940823
0.940882
0.940977
0.941093
0.941210
0.941326
0.941406
0.941485
0.941570
0.941654
0.941734
0.941813
0.941898
0.941988
0.942088
0.942210
0.942321
0.942401
0.942528
0.942612
0.942692
0.942745
0.942824
0.942940
0.943046
0.943136
0.943274
0.943327
0.943401
0.943480
0.943570
0.943671
0.943798
0.943867
0.943967
0.944036
0.944131
0.944248
0.944301
0.944380
0.944512
0.944565
0.944655
0.944740
0.944862
0.944983
0.945052
0.945132
0.945269
0.945380
0.945465
0.945576
0.945682
0.945751
0.945846
0.945925
0.946015
0.946142
0.946222
0.946333
0.946407
0.946513
0.946603
0.946677
0.946788
0.946894
0.946984
0.947122
0.947233
0.947349
0.947460
0.947609
0.947683
0.947826
0.947958
0.948064
0.948138
0.948207
0.948302
0.948371
0.948461
0.948566
0.948646
0.948725
0.948810
0.948937
0.949038
0.949122
0.949170
0.949281
0.949366
0.949461
0.949609
0.949773
0.949900
0.949969
0.950027
0.950075
0.950165
0.950292
0.950387
0.950493
0.950572
0.950652
0.950721
0.950821
0.950885
0.950985
0.951091
0.951186
0.951250
0.951340
0.951477
0.951551
0.951620
0.951673
0.951774
0.951885
0.951975
0.952086
0.952192
0.952303
0.952451
0.952552
0.952711
0.952816
0.952901
0.952996
0.953097
0.953187
0.953272
0.953377
0.953494
0.953589
0.953679
0.953753
0.953843
0.953949
0.954007
0.954092
0.954198
0.954298
0.954383
0.954499
0.954595
0.954669
0.954806
0.954928
0.955008
0.955082
0.955161
0.955262
0.955352
0.955468
0.955553
0.955632
0.955733
0.955833
0.955939
0.956024
0.956135
0.956214
0.956315
0.956394
0.956490
0.956627
0.956722
0.956802
0.956934
0.956992
0.957098
0.957183
0.957283
0.957395
0.957474
0.957548
0.957638
0.957744
0.957839
0.957929
0.958003
0.958072
0.958125
0.958204
0.958263
0.958337
0.958390
0.958511
0.958564
0.958665
0.958728
0.958765
0.958818
0.958898
0.958993
0.959056
0.959131
0.959221
0.959279
0.959358
0.959400
0.959480
0.959554
0.959623
0.959649
0.959697
0.959760
0.959829
0.959887
0.959993
0.960041
0.960136
0.960221
0.960290
0.960343
0.960406
0.960438
0.960528
0.960618
0.960639
0.960702
0.960761
0.960829
0.960904
0.961009
0.961073
0.961158
0.961216
0.961327
0.961412
0.961470
0.961549
0.961602
0.961676
0.961740
0.961798
0.961861
0.961936
0.962031
0.962073
0.962142
0.962200
0.962221
0.962343
0.962385
0.962449
0.962497
0.962576
0.962634
0.962714
0.962772
0.962867
0.962941
0.963021
0.963084
0.963153
0.963222
0.963280
0.963328
0.963370
0.963439
0.963497
0.963571
0.963650
0.963724
0.963777
0.963894
0.963942
0.964000
0.964037
0.964084
0.964137
0.964201
0.964296
0.964365
0.964407
0.964471
0.964508
0.964603
0.964698
0.964794
0.964852
0.964931
0.964995
0.965069
0.965154
0.965259
0.965344
0.965386
0.965439
0.965540
0.965609
0.965672
0.965778
0.965863
0.965905
0.965953
0.966011
0.966090
0.966159
0.966223
0.966265
0.966318
0.966413
0.966493
0.966583
0.966672
0.966752
0.966879
0.966964
0.967038
0.967091
0.967149
0.967233
0.967318
0.967403
0.967450
0.967514
0.967604
0.967689
0.967768
0.967879
0.967943
0.967996
0.968091
0.968229
0.968308
0.968377
0.968424
0.968477
0.968573
0.968636
0.968689
0.968795
0.968858
0.968964
0.969075
0.969155
0.969229
0.969303
0.969366
0.969430
0.969488
0.969562
0.969615
0.969663
0.969742
0.969779
0.969832
0.969917
0.969954
0.970007
0.970039
0.970102
0.970181
0.970314
0.970404
0.970457
0.970510
0.970594
0.970674
0.970732
0.970801
0.970838
0.970907
0.971002
0.971065
0.971124
0.971177
0.971245
0.971325
0.971362
0.971452
0.971489
0.971573
0.971626
0.971695
0.971764
0.971833
0.971902
0.971976
0.972007
0.972076
0.972140
0.972187
0.972230
0.972309
0.972346
0.972399
0.972426
0.972468
0.972526
0.972584
0.972648
0.972706
0.972743
0.972833
0.972891
0.972971
0.973008
0.973087
0.973119
0.973188
0.973230
0.973309
0.973357
0.973415
0.973458
0.973511
0.973563
0.973595
0.973638
0.973701
0.973722
0.973765
0.973849
0.973892
0.973945
0.973987
0.974087
0.974146
0.974167
0.974225
0.974257
0.974320
0.974368
0.974447
0.974495
0.974532
0.974558
0.974601
0.974633
0.974680
0.974717
0.974760
0.974775
0.974844
0.974897
0.974940
0.974998
0.975056
0.975082
0.975130
0.975178
0.975236
0.975262
0.975321
0.975342
0.975379
0.975400
0.975432
0.975485
0.975538
0.975564
0.975596
0.975643
0.975702
0.975733
0.975776
0.975813
0.975823
0.975871
0.975913
0.975935
0.975956
0.975987
0.976014
0.976046
0.976083
0.976141
0.976189
0.976215
0.976231
0.976263
0.976294
0.976326
0.976374
0.976400
0.976432
0.976469
0.976506
0.976511
0.976522
0.976538
0.976586
0.976644
0.976691
0.976744
0.976771
0.976781
0.976824
0.976855
0.976893
0.976914
0.976940
0.976961
0.976967
0.976993
0.977025
0.977035
0.977062
0.977088
0.977115
0.977136
0.977157
0.977184
0.977221
0.977252
0.977284
0.977305
0.977337
0.977353
0.977385
0.977406
0.977422
0.977438
0.977464
0.977491
0.977528
0.977549
0.977575
0.977607
0.977639
0.977655
0.977676
0.977708
0.977755
0.977798
0.977824
0.977872
0.977898
0.977914
0.977951
0.977988
0.978004
0.978052
0.978110
0.978136
0.978152
0.978216
0.978253
0.978253
0.978258
0.978284
0.978327
0.978359
0.978417
0.978459
0.978507
0.978539
0.978570
0.978639
0.978724
0.978766
0.978787
0.978814
0.978867
0.978893
0.978941
0.978988
0.979052
0.979084
0.979121
0.979147
0.979216
0.979274
0.979306
0.979391
0.979454
0.979470
0.979496
0.979555
0.979602
0.979639
0.979661
0.979692
0.979745
0.979788
0.979835
0.979883
0.979925
0.979973
0.980031
0.980084
0.980158
0.980237
0.980312
0.980354
0.980412
0.980465
0.980529
0.980576
0.980645
0.980714
0.980756
0.980814
0.980883
0.980973
0.981047
0.981153
0.981190
0.981259
0.981344
0.981439
0.981561
0.981677
0.981830
0.981883
0.981942
0.982053
0.982132
0.982265
0.982381
0.982487
0.982577
0.982709
0.982788
0.982942
0.983037
0.983185
0.983334
0.983439
0.983556
0.983720
0.983805
0.983926
0.984000
0.984127
0.984249
0.984424
0.984556
0.984699
0.984847
0.984969
0.985059
0.985197
0.985318
0.985424
0.985535
0.985684
0.985805
0.985916
0.986033
0.986186
0.986297
0.986419
0.986562
0.986694
0.986843
0.986948
0.987033
0.987128
0.987250
0.987372
0.987457
0.987531
0.987674
0.987732
0.987838
0.987891
0.987980
0.988028
0.988070
0.988145
0.988213
0.988325
0.988377
0.988462
0.988579
0.988674
0.988727
0.988785
0.988817
0.988859
0.988938
0.988981
0.989018
0.989055
0.989103
0.989134
0.989182
0.989235
0.989267
0.989309
0.989351
0.989372
0.989399
0.989425
0.989462
0.989494
0.989537
0.989563
0.989595
0.989627
0.989648
0.989685
0.989701
0.989722
0.989764
0.989796
0.989828
0.989843
0.989875
0.989875
0.989907
0.989907
0.989912
0.989923
0.989949
0.989986
0.990008
0.990034
0.990055
0.990092
0.990119
0.990145
0.990161
0.990166
0.990188
0.990198
0.990214
0.990251
0.990262
0.990288
0.990304
0.990304
0.990325
0.990330
0.990341
0.990362
0.990373
0.990394
0.990415
0.990431
0.990431
0.990463
0.990484
0.990494
0.990510
0.990526
0.990542
0.990563
0.990574
0.990590
0.990622
0.990627
0.990643
0.990653
0.990669
0.990685
0.990696
0.990722
0.990738
0.990749
0.990764
0.990791
0.990817
0.990833
0.990844
0.990854
0.990865
0.990886
0.990897
0.990923
0.990934
0.990955
0.990966
0.990971
0.990992
0.991008
0.991029
0.991029
0.991034
0.991061
0.991077
0.991093
0.991103
0.991114
0.991119
0.991140
0.991161
0.991172
0.991172
0.991172
0.991193
0.991198
0.991220
0.991230
0.991246
0.991262
0.991273
0.991299
0.991315
0.991320
0.991325
0.991336
0.991341
0.991352
0.991352
0.991373
0.991400
0.991405
0.991421
0.991442
0.991452
0.991479
0.991495
0.991505
0.991527
0.991537
0.991548
0.991564
0.991569
0.991585
0.991595
0.991606
0.991643
0.991659
0.991669
0.991675
0.991691
0.991706
0.991712
0.991712
0.991728
0.991738
0.991744
0.991765
0.991786
0.991807
0.991828
0.991828
0.991828
0.991865
0.991871
0.991881
0.991881
0.991892
0.991902
0.991913
0.991924
0.991934
0.991945
0.991950
0.991955
0.991966
0.991971
0.992003
0.992019
0.992029
0.992035
0.992056
0.992072
0.992077
0.992082
0.992093
0.992103
0.992109
0.992125
0.992146
0.992156
0.992172
0.992188
0.992215
0.992230
0.992236
0.992252
0.992278
0.992305
0.992315
0.992352
0.992363
0.992400
0.992410
0.992442
0.992463
0.992490
0.992495
0.992522
0.992532
0.992548
0.992559
0.992580
0.992601
0.992606
0.992622
0.992654
0.992675
0.992696
0.992717
0.992739
0.992754
0.992770
0.992807
0.992834
0.992855
0.992860
0.992881
0.992903
0.992918
0.992924
0.992961
0.992982
0.993008
0.993024
0.993040
0.993067
0.993088
0.993093
0.993120
0.993120
0.993136
0.993167
0.993188
0.993199
0.993225
0.993236
0.993257
0.993278
0.993289
0.993305
0.993321
0.993337
0.993358
0.993368
0.993390
0.993416
0.993427
0.993442
0.993464
0.993485
0.993506
0.993517
0.993527
0.993538
0.993543
0.993575
0.993591
0.993601
0.993617
0.993649
0.993675
0.993686
0.993707
0.993728
0.993739
0.993760
0.993771
0.993792
0.993802
0.993802
0.993839
0.993839
0.993887
0.993908
0.993919
0.993956
0.993961
0.993972
0.993993
0.994025
0.994046
0.994051
0.994056
0.994067
0.994083
0.994104
0.994125
0.994130
0.994136
0.994141
0.994157
0.994173
0.994194
0.994194
0.994199
0.994215
0.994242
0.994263
0.994263
0.994284
0.994326
0.994342
0.994348
0.994353
0.994369
0.994369
0.994369
0.994369
0.994395
0.994416
0.994432
0.994448
0.994453
0.994459
0.994485
0.994490
0.994496
0.994501
0.994501
0.994512
0.994512
0.994517
0.994517
0.994522
0.994543
0.994554
0.994554
0.994559
0.994570
0.994580
0.994596
0.994602
0.994617
0.994623
0.994633
0.994654
0.994665
0.994670
0.994676
0.994681
0.994681
0.994691
0.994691
0.994707
0.994713
0.994723
0.994723
0.994729
0.994729
0.994729
0.994729
0.994729
0.994729
0.994734
0.994739
0.994760
0.994760
0.994771
0.994776
0.994776
0.994776
0.994776
0.994781
0.994781
0.994792
0.994803
0.994808
0.994819
0.994819
0.994829
0.994834
0.994840
0.994845
0.994861
0.994866
0.994877
0.994877
0.994877
0.994877
0.994887
0.994893
0.994893
0.994903
0.994909
0.994909
0.994930
0.994935
0.994951
0.994951
0.994951
0.994951
0.994961
0.994961
0.994961
0.994967
0.994972
0.994977
0.994983
0.994993
0.995004
0.995014
0.995014
0.995025
0.995025
0.995030
0.995041
0.995057
0.995067
0.995067
0.995073
0.995073
0.995083
0.995088
0.995088
0.995099
0.995115
0.995126
0.995126
0.995131
0.995141
0.995147
0.995157
0.995163
0.995163
0.995163
0.995163
0.995173
0.995178
0.995184
0.995189
0.995200
0.995215
0.995226
0.995226
0.995242
0.995247
0.995263
0.995263
0.995268
0.995279
0.995290
0.995311
0.995316
0.995332
0.995348
0.995348
0.995348
0.995353
0.995353
0.995358
0.995369
0.995380
0.995385
0.995401
0.995406
0.995422
0.995422
0.995422
0.995422
0.995427
0.995432
0.995454
0.995459
0.995464
0.995464
0.995475
0.995496
0.995501
0.995507
0.995512
0.995517
0.995517
0.995517
0.995522
0.995533
0.995533
0.995538
0.995549
0.995549
0.995554
0.995560
0.995565
0.995565
0.995565
0.995565
0.995565
0.995570
0.995570
0.995570
0.995575
0.995575
0.995575
0.995581
0.995581
0.995591
0.995591
0.995591
0.995597
0.995602
0.995607
0.995607
0.995623
0.995623
0.995623
0.995628
0.995634
0.995639
0.995655
0.995660
0.995665
0.995676
0.995692
0.995702
0.995713
0.995713
0.995718
0.995739
0.995750
0.995761
0.995771
0.995782
0.995782
0.995798
0.995798
0.995819
0.995824
0.995824
0.995829
0.995829
0.995829
0.995835
0.995840
0.995845
0.995851
0.995851
0.995861
0.995866
0.995872
0.995877
0.995893
0.995904
0.995909
0.995909
0.995914
0.995919
0.995930
0.995941
0.995946
0.995956
0.995956
0.995962
0.995962
0.995972
0.995988
0.995993
0.996009
0.996009
0.996015
0.996015
0.996020
0.996025
0.996031
0.996036
0.996046
0.996052
0.996057
0.996057
0.996062
0.996068
0.996068
0.996078
0.996083
0.996094
0.996105
0.996110
0.996121
0.996131
0.996136
0.996142
0.996147
0.996158
0.996158
0.996168
0.996184
0.996189
0.996211
0.996221
0.996232
0.996237
0.996242
0.996242
0.996253
0.996258
0.996269
0.996279
0.996290
0.996290
0.996300
0.996311
0.996311
0.996311
0.996327
0.996327
0.996332
0.996332
0.996332
0.996343
0.996359
0.996364
0.996380
0.996385
0.996390
0.996417
0.996427
0.996438
0.996438
0.996449
0.996459
0.996459
0.996459
0.996459
0.996459
0.996465
0.996491
0.996491
0.996512
0.996512
0.996517
0.996523
0.996523
0.996539
0.996539
0.996549
0.996560
0.996565
0.996576
0.996581
0.996597
0.996607
0.996613
0.996613
0.996623
0.996639
0.996639
0.996644
0.996644
0.996655
0.996660
0.996666
0.996666
0.996676
0.996676
0.996687
0.996687
0.996697
0.996713
0.996729
0.996734
0.996740
0.996740
0.996745
0.996766
0.996782
0.996787
0.996787
0.996787
0.996787
0.996793
0.996793
0.996803
0.996809
0.996809
0.996824
0.996846
0.996846
0.996851
0.996872
0.996883
0.996899
0.996904
0.996920
0.996920
0.996920
0.996930
0.996946
0.996957
0.996962
0.996967
0.996967
0.996967
0.996978
0.996989
0.996994
0.997010
0.997010
0.997020
0.997041
0.997041
0.997041
0.997052
0.997057
0.997063
0.997063
0.997068
0.997084
0.997089
0.997089
0.997089
0.997094
0.997100
0.997116
0.997116
0.997131
0.997153
0.997153
0.997153
0.997163
0.997179
0.997190
0.997195
0.997205
0.997216
0.997216
0.997216
0.997216
0.997221
0.997243
0.997258
0.997269
0.997274
0.997274
0.997274
0.997274
0.997280
0.997285
0.997290
0.997295
0.997295
0.997295
0.997295
0.997301
0.997301
0.997311
0.997311
0.997311
0.997317
0.997317
0.997317
0.997327
0.997327
0.997343
0.997343
0.997348
0.997354
0.997359
0.997359
0.997359
0.997359
0.997359
0.997370
0.997375
0.997375
0.997396
0.997396
0.997407
0.997407
0.997417
0.997417
0.997423
0.997433
0.997449
0.997454
0.997454
0.997470
0.997470
0.997475
0.997475
0.997481
0.997481
0.997481
0.997491
0.997497
0.997512
0.997523
0.997528
0.997528
0.997534
0.997539
0.997544
0.997544
0.997550
0.997555
0.997565
0.997571
0.997576
0.997581
0.997587
0.997587
0.997587
0.997592
0.997592
0.997597
0.997597
0.997597
0.997602
0.997608
0.997608
0.997634
0.997634
0.997639
0.997639
0.997645
0.997650
0.997661
0.997666
0.997666
0.997666
0.997671
0.997677
0.997687
0.997692
0.997692
0.997703
0.997703
0.997714
0.997714
0.997719
0.997719
0.997724
0.997729
0.997729
0.997729
0.997735
0.997735
0.997735
0.997740
0.997745
0.997745
0.997745
0.997745
0.997751
0.997761
0.997761
0.997766
0.997772
0.997777
0.997782
0.997788
0.997793
0.997809
0.997809
0.997814
0.997819
0.997825
0.997830
0.997835
0.997851
0.997851
0.997851
0.997856
0.997862
0.997867
0.997878
0.997878
0.997878
0.997878
0.997878
0.997878
0.997878
0.997883
0.997888
0.997894
0.997894
0.997899
0.997909
0.997915
0.997920
0.997925
0.997936
0.997936
0.997936
0.997936
0.997946
0.997946
0.997946
0.997946
0.997957
0.997962
0.997962
0.997962
0.997962
0.997962
0.997962
0.997973
0.997978
0.997984
0.997989
0.997994
0.998005
0.998010
0.998010
0.998010
0.998021
0.998021
0.998021
0.998026
0.998031
0.998036
0.998036
0.998036
0.998036
0.998036
0.998036
0.998042
0.998047
0.998047
0.998047
0.998052
0.998052
0.998052
0.998052
0.998058
0.998063
0.998068
0.998068
0.998074
0.998074
0.998079
0.998079
0.998079
0.998089
0.998089
0.998089
0.998100
0.998100
0.998105
0.998111
0.998111
0.998111
0.998116
0.998126
0.998126
0.998126
0.998132
0.998132
0.998132
0.998137
0.998142
0.998142
0.998148
0.998153
0.998153
0.998158
0.998163
0.998169
0.998179
0.998179
0.998185
0.998185
0.998185
0.998185
0.998190
0.998190
0.998211
0.998211
0.998216
0.998216
0.998216
0.998222
0.998222
0.998222
0.998227
0.998227
0.998232
0.998232
0.998232
0.998238
0.998243
0.998243
0.998243
0.998243
0.998259
0.998259
0.998259
0.998264
0.998264
0.998269
0.998280
0.998285
0.998301
0.998301
0.998306
0.998306
0.998317
0.998317
0.998317
0.998333
0.998333
0.998338
0.998338
0.998349
0.998354
0.998365
0.998370
0.998391
0.998402
0.998423
0.998433
0.998433
0.998433
0.998433
0.998444
0.998476
0.998481
0.998486
0.998492
0.998502
0.998518
0.998529
0.998545
0.998545
0.998545
0.998566
0.998571
0.998571
0.998576
0.998582
0.998597
0.998613
0.998629
0.998635
0.998635
0.998635
0.998645
0.998650
0.998677
0.998693
0.998703
0.998714
0.998724
0.998735
0.998735
0.998751
0.998751
0.998756
0.998767
0.998772
0.998777
0.998788
0.998793
0.998799
0.998814
0.998820
0.998830
0.998851
0.998862
0.998862
0.998878
0.998894
0.998904
0.998915
0.998931
0.998936
0.998936
0.998936
0.998941
0.998952
0.998957
0.998963
0.998968
0.998973
0.998984
0.998984
0.998984
0.998994
0.998994
0.998994
0.999000
0.999005
0.999010
0.999016
0.999026
0.999031
0.999037
0.999042
0.999053
0.999053
0.999063
0.999063
0.999068
0.999074
0.999079
0.999090
0.999090
0.999095
0.999106
0.999111
0.999116
0.999121
0.999121
0.999127
0.999132
0.999137
0.999143
0.999143
0.999143
0.999143
0.999148
0.999153
0.999153
0.999164
0.999169
0.999169
0.999174
0.999174
0.999180
0.999180
0.999180
0.999180
0.999180
0.999185
0.999185
0.999185
0.999185
0.999185
0.999196
0.999201
0.999206
0.999206
0.999206
0.999206
0.999206
0.999211
0.999211
0.999211
0.999217
0.999217
0.999217
0.999217
0.999217
0.999217
0.999222
0.999222
0.999222
0.999227
0.999227
0.999227
0.999227
0.999227
0.999233
0.999233
0.999233
0.999233
0.999233
0.999233
0.999233
0.999233
0.999238
0.999238
0.999238
0.999238
0.999243
0.999243
0.999243
0.999243
0.999248
0.999248
0.999254
0.999259
0.999264
0.999264
0.999264
0.999264
0.999275
0.999275
0.999280
0.999280
0.999286
0.999291
0.999291
0.999291
0.999296
0.999301
0.999301
0.999307
0.999307
0.999307
0.999307
0.999307
0.999307
0.999307
0.999307
0.999312
0.999312
0.999312
0.999312
0.999312
0.999317
0.999317
0.999317
0.999317
0.999328
0.999328
0.999328
0.999328
0.999328
0.999328
0.999333
0.999333
0.999333
0.999338
0.999338
0.999338
0.999338
0.999338
0.999338
0.999338
0.999338
0.999338
0.999344
0.999344
0.999344
0.999344
0.999349
0.999354
0.999354
0.999354
0.999354
0.999354
0.999354
0.999354
0.999354
0.999360
0.999360
0.999360
0.999360
0.999365
0.999365
0.999365
0.999365
0.999365
0.999370
0.999370
0.999370
0.999370
0.999375
0.999375
0.999386
0.999386
0.999397
0.999402
0.999402
0.999402
0.999407
0.999413
0.999413
0.999418
0.999418
0.999418
0.999418
0.999418
0.999418
0.999418
0.999418
0.999423
0.999428
0.999434
0.999434
0.999439
0.999444
0.999444
0.999444
0.999450
0.999450
0.999455
0.999455
0.999455
0.999455
0.999455
0.999455
0.999455
0.999460
0.999460
0.999460
0.999460
0.999465
0.999465
0.999465
0.999465
0.999465
0.999465
0.999465
0.999465
0.999465
0.999465
0.999465
0.999465
0.999465
0.999465
0.999465
0.999471
0.999471
0.999481
0.999481
0.999481
0.999487
0.999487
0.999487
0.999492
0.999497
0.999497
0.999497
0.999497
0.999497
0.999497
0.999502
0.999502
0.999502
0.999502
0.999508
0.999513
0.999513
0.999518
0.999518
0.999518
0.999518
0.999518
0.999518
0.999518
0.999518
0.999518
0.999524
0.999529
0.999529
0.999529
0.999534
0.999534
0.999540
0.999545
0.999545
0.999550
0.999550
0.999550
0.999550
0.999550
0.999550
0.999555
0.999555
0.999555
0.999555
0.999566
0.999571
0.999571
0.999571
0.999571
0.999577
0.999577
0.999577
0.999577
0.999577
0.999577
0.999577
0.999577
0.999577
0.999577
0.999582
0.999582
0.999582
0.999582
0.999582
0.999582
0.999582
0.999582
0.999582
0.999582
0.999582
0.999582
0.999582
0.999582
0.999587
0.999587
0.999587
0.999587
0.999587
0.999592
0.999592
0.999592
0.999592
0.999592
0.999598
0.999598
0.999598
0.999598
0.999598
0.999603
0.999603
0.999603
0.999603
0.999603
0.999603
0.999603
0.999603
0.999603
0.999603
0.999608
0.999614
0.999614
0.999619
0.999619
0.999619
0.999619
0.999619
0.999619
0.999619
0.999619
0.999619
0.999624
0.999624
0.999624
0.999624
0.999624
0.999624
0.999624
0.999629
0.999629
0.999629
0.999629
0.999629
0.999629
0.999629
0.999629
0.999629
0.999629
0.999629
0.999629
0.999635
0.999635
0.999635
0.999635
0.999635
0.999635
0.999635
0.999635
0.999635
0.999635
0.999635
0.999635
0.999635
0.999635
0.999635
0.999640
0.999640
0.999640
0.999640
0.999640
0.999640
0.999645
0.999645
0.999645
0.999645
0.999651
0.999656
0.999656
0.999656
0.999656
0.999656
0.999656
0.999656
0.999656
0.999661
0.999667
0.999672
0.999677
0.999677
0.999682
0.999682
0.999682
0.999682
0.999682
0.999682
0.999682
0.999682
0.999688
0.999688
0.999693
0.999693
0.999693
0.999693
0.999693
0.999693
0.999693
0.999693
0.999693
0.999698
0.999698
0.999698
0.999698
0.999698
0.999698
0.999698
0.999698
0.999709
0.999709
0.999709
0.999709
0.999709
0.999709
0.999709
0.999720
0.999725
0.999730
0.999735
0.999741
0.999741
0.999746
0.999746
0.999751
0.999751
0.999751
0.999757
0.999757
0.999757
0.999757
0.999757
0.999757
0.999757
0.999757
0.999757
0.999762
0.999762
0.999762
0.999762
0.999767
0.999767
0.999767
0.999767
0.999767
0.999767
0.999767
0.999767
0.999772
0.999772
0.999772
0.999772
0.999772
0.999772
0.999772
0.999783
0.999783
0.999783
0.999783
0.999788
0.999788
0.999788
0.999788
0.999794
0.999794
0.999799
0.999799
0.999799
0.999799
0.999799
0.999799
0.999799
0.999799
0.999799
0.999799
0.999799
0.999799
0.999799
0.999799
0.999799
0.999809
0.999809
0.999809
0.999809
0.999809
0.999809
0.999809
0.999809
0.999815
0.999820
0.999820
0.999820
0.999820
0.999820
0.999820
0.999820
0.999820
0.999825
0.999825
0.999825
0.999831
0.999831
0.999836
0.999836
0.999836
0.999836
0.999841
0.999852
0.999852
0.999852
0.999852
0.999852
0.999857
0.999857
0.999857
0.999857
0.999862
0.999868
0.999868
0.999868
0.999868
0.999868
0.999868
0.999868
0.999868
0.999868
0.999868
0.999868
0.999868
0.999868
0.999868
0.999868
0.999868
0.999868
0.999868
0.999868
0.999868
0.999868
0.999868
0.999868
0.999868
0.999868
0.999868
0.999868
0.999873
0.999873
0.999873
0.999873
0.999873
0.999873
0.999873
0.999873
0.999873
0.999873
0.999873
0.999873
0.999873
0.999878
0.999878
0.999878
0.999884
0.999884
0.999884
0.999894
0.999894
0.999899
0.999899
0.999899
0.999899
0.999899
0.999899
0.999899
0.999899
0.999899
0.999899
0.999899
0.999905
0.999905
0.999905
0.999905
0.999905
0.999905
0.999910
0.999910
0.999910
0.999910
0.999910
0.999915
0.999921
0.999926
0.999931
0.999931
0.999936
0.999936
0.999936
0.999942
0.999942
0.999952
0.999952
0.999958
0.999958
0.999963
0.999968
0.999968
0.999968
0.999968
0.999968
0.999968
0.999968
0.999968
0.999968
0.999968
0.999968
0.999974
0.999974
0.999974
0.999979
0.999979
0.999979
0.999979
0.999984
0.999984
0.999984
0.999984
0.999984
0.999984
0.999984
0.999984
0.999984
0.999984
0.999984
0.999984
0.999984
0.999984
0.999989
0.999995
0.999995
0.999995
0.999995
0.999995
0.999995
0.999995
0.999995
0.999995
0.999995
0.999995
0.999995
0.999995
0.999995
0.999995
0.999995
0.999995
0.999995
0.999995
0.999995
0.999995
0.999995
0.999995
0.999995
0.999995
0.999995
0.999995
1.000000
1.000000
1.000000
1.000000
1.000000
1.000000
1.000000
1.000000
1.000000
1.000000
1.000000
1.000000
1.000000
1.000000
1.000000
1.000000
1.000000
1.000000
1.000000
1.000000
1.000000
1.000000
1.000000
1.000000
1.000000
1.000000
1.000000
1.000000
1.000000
1.000000
1.000000
1.000000
1.000000
1.000000
1.000000
1.000000
1.000000
1.000000
1.000000
1.000000
1.000000
1.000000
1.000000
1.000000
1.000000
1.000000
1.000000
1.000000
1.000000
1.000000
1.000000
1.000000
1.000000
1.000000
1.000000
1.000000
1.000000
1.000000
1.000000
1.000000
1.000000
1.000000
1.000000
1.000000
1.000000
1.000000
1.000000
1.000000
1.000000
1.000000
1.000000
1.000000
1.000000
1.000000
1.000000
1.000000
1.000000
1.000000
1.000000
1.000000
1.000000
1.000000
1.000000
1.000000
1.000000
1.000000
1.000000
1.000000
1.000000
1.000000
1.000000
1.000000
1.000000
1.000000
1.000000
1.000000
1.000000
1.000000
1.000000
1.000000
1.000000
1.000000
1.000000
1.000000
1.000000
1.000000
1.000000
1.000000
1.000000
1.000000
1.000000
1.000000
1.000000
1.000000
1.000000
1.000000
1.000000
1.000000
1.000000
1.000000
1.000000
1.000000
1.000000
1.000000
1.000000
1.000000
1.000000
1.000000
1.000000
1.000000
1.000000
1.000000
1.000000
1.000000
1.000000
1.000000
1.000000
1.000000
1.000000
1.000000
1.000000
1.000000
1.000000
1.000000
1.000000
1.000000
1.000000
1.000000
1.000000
1.000000
1.000000
1.000000
1.000000
1.000000
1.000000
1.000000
1.000000
1.000000
1.000000
1.000000
1.000000
1.000000
1.000000
1.000000
1.000000
1.000000
1.000000
1.000000
1.000000
1.000000
1.000000
1.000000
1.000000
1.000000
1.000000
1.000000
1.000000
1.000000
1.000000
1.000000
1.000000
1.000000
1.000000
1.000000
1.000000
1.000000
1.000000
1.000000
1.000000
1.000000
1.000000
1.000000
1.000000
1.000000
1.000000
1.000000
1.000000
1.000000
1.000000
1.000000
1.000000
1.000000
1.000000
1.000000
1.000000
1.000000
1.000000
1.000000
1.000000
1.000000
1.000000
1.000000
1.000000
1.000000
1.000000
1.000000
1.000000
1.000000
1.000000
1.000000
1.000000
1.000000
1.000000
1.000000
1.000000
1.000000
1.000000
1.000000
1.000000
1.000000
1.000000
1.000000
1.000000
1.000000
1.000000
1.000000
1.000000
1.000000
1.000000
1.000000
1.000000
1.000000
1.000000
1.000000
1.000000
1.000000
1.000000
1.000000
1.000000
1.000000
1.000000
1.000000
1.000000
1.000000
1.000000
1.000000
1.000000
1.000000
1.000000
1.000000
1.000000
1.000000
1.000000
1.000000
1.000000
1.000000
1.000000
1.000000
1.000000
1.000000
1.000000
1.000000
1.000000
1.000000
1.000000
1.000000
1.000000
1.000000
1.000000
1.000000
1.000000
1.000000
1.000000
1.000000
1.000000
1.000000
1.000000
1.000000
1.000000
1.000000
1.000000
1.000000
1.000000
1.000000
1.000000
1.000000
1.000000
1.000000
1.000000
1.000000
1.000000
1.000000
1.000000
1.000000
1.000000
1.000000
1.000000
1.000000
1.000000
1.000000
1.000000
1.000000
1.000000
1.000000
1.000000
1.000000
1.000000
1.000000
1.000000
1.000000
1.000000
1.000000
1.000000
1.000000
1.000000
1.000000
1.000000
1.000000
1.000000
1.000000
1.000000
1.000000
1.000000
1.000000
1.000000
1.000000
1.000000
1.000000
1.000000
1.000000
1.000000
1.000000
1.000000
1.000000
1.000000
1.000000
1.000000
1.000000
1.000000
1.000000
1.000000
1.000000
1.000000
1.000000
1.000000
1.000000
1.000000
1.000000
1.000000
1.000000
1.000000
1.000000
1.000000
1.000000
1.000000
1.000000
1.000000
1.000000
1.000000
1.000000
1.000000
1.000000
1.000000
1.000000
1.000000
1.000000
1.000000
1.000000
1.000000
1.000000
1.000000
1.000000
1.000000
1.000000
1.000000
1.000000
1.000000
1.000000
1.000000
1.000000
1.000000
1.000000
1.000000
1.000000
1.000000
1.000000
1.000000
1.000000
1.000000
1.000000
1.000000
1.000000
1.000000
1.000000
1.000000
1.000000
1.000000
1.000000
1.000000
1.000000
1.000000
1.000000
1.000000
1.000000
1.000000
1.000000
1.000000
1.000000
1.000000
1.000000
1.000000
1.000000
1.000000
1.000000
1.000000
1.000000
1.000000
1.000000
1.000000
1.000000
1.000000
1.000000
1.000000
1.000000
1.000000
1.000000
1.000000
1.000000
1.000000
1.000000
1.000000
1.000000
1.000000
1.000000
1.000000
1.000000
1.000000
1.000000
1.000000
1.000000
1.000000
1.000000
1.000000
1.000000
1.000000
1.000000
1.000000
1.000000
1.000000
1.000000
1.000000
1.000000
1.000000
1.000000
1.000000
1.000000
1.000000
1.000000
1.000000
1.000000
1.000000
1.000000
1.000000
1.000000
1.000000
1.000000
1.000000
1.000000
1.000000
1.000000
1.000000
1.000000
1.000000
1.000000
1.000000
1.000000
1.000000
1.000000
1.000000
1.000000
1.000000
1.000000
1.000000
1.000000
1.000000
1.000000
1.000000
1.000000
1.000000
1.000000
1.000000
1.000000
1.000000
1.000000
1.000000
1.000000
1.000000
1.000000
1.000000
1.000000
1.000000
1.000000
1.000000
1.000000
1.000000
1.000000
1.000000
1.000000
1.000000
1.000000
1.000000
1.000000
1.000000
1.000000
1.000000
1.000000
1.000000
1.000000
1.000000
1.000000
1.000000
1.000000
1.000000
1.000000
1.000000
1.000000
1.000000
1.000000
1.000000
1.000000
1.000000
1.000000
1.000000
1.000000
1.000000
1.000000
1.000000
1.000000
1.000000
1.000000
1.000000
1.000000
1.000000
1.000000
1.000000
1.000000
1.000000
1.000000
1.000000
1.000000
1.000000
1.000000
1.000000
1.000000
1.000000
1.000000
1.000000
1.000000
1.000000
1.000000
1.000000
1.000000
1.000000
1.000000
1.000000
1.000000
1.000000
1.000000
1.000000
1.000000
1.000000
1.000000
1.000000
1.000000
1.000000
1.000000
1.000000
1.000000
1.000000
1.000000
1.000000
1.000000
1.000000
1.000000
1.000000
1.000000
1.000000
1.000000
1.000000
1.000000
1.000000
1.000000
1.000000
1.000000
1.000000
1.000000
1.000000
1.000000
1.000000
1.000000
1.000000
1.000000
1.000000
1.000000
1.000000
1.000000
1.000000
1.000000
1.000000
1.000000
1.000000
1.000000
1.000000
1.000000
1.000000
1.000000
1.000000
1.000000
1.000000
1.000000
1.000000
1.000000
1.000000
1.000000
1.000000
1.000000
1.000000
1.000000
1.000000
1.000000
1.000000
1.000000
1.000000
1.000000
1.000000
1.000000
1.000000
1.000000
1.000000
1.000000
1.000000
1.000000
1.000000
1.000000
1.000000
1.000000
1.000000
1.000000
1.000000
1.000000
1.000000
1.000000
1.000000
1.000000
1.000000
1.000000
1.000000
1.000000
1.000000
1.000000
1.000000
1.000000
1.000000
1.000000
1.000000
1.000000
1.000000
1.000000
1.000000
1.000000
1.000000
1.000000
1.000000
1.000000
1.000000
1.000000
1.000000
1.000000
1.000000
1.000000
1.000000
1.000000
1.000000
1.000000
1.000000
1.000000
1.000000
1.000000
1.000000
1.000000
1.000000
1.000000
1.000000
1.000000
1.000000
1.000000
1.000000
1.000000
1.000000
1.000000
1.000000
1.000000
1.000000
1.000000
1.000000
1.000000
1.000000
1.000000
1.000000
1.000000
1.000000
1.000000
1.000000
1.000000
1.000000
1.000000
1.000000
1.000000
1.000000
1.000000
1.000000
1.000000
1.000000
1.000000
1.000000
1.000000
1.000000
1.000000
1.000000
1.000000
1.000000
1.000000
1.000000
1.000000
1.000000
1.000000
1.000000
1.000000
1.000000
1.000000
1.000000
1.000000
1.000000
1.000000
1.000000
1.000000
1.000000
1.000000
1.000000
1.000000
1.000000
1.000000
1.000000
1.000000
1.000000
1.000000
1.000000
1.000000
1.000000
1.000000
1.000000
1.000000
1.000000
1.000000
1.000000
1.000000
1.000000
1.000000
1.000000
1.000000
1.000000
1.000000
1.000000
1.000000
1.000000
1.000000
1.000000
1.000000
1.000000
1.000000
1.000000
1.000000
1.000000
1.000000
1.000000
1.000000
1.000000
1.000000
1.000000
1.000000
1.000000
1.000000
1.000000
1.000000
1.000000
1.000000
1.000000
1.000000
1.000000
1.000000
1.000000
1.000000
1.000000
1.000000
1.000000
1.000000
1.000000
1.000000
1.000000
1.000000
1.000000
1.000000
1.000000
1.000000
1.000000
1.000000
1.000000
1.000000
1.000000
1.000000
1.000000
1.000000
1.000000
1.000000
1.000000
1.000000
1.000000
1.000000
1.000000
1.000000
1.000000
1.000000
1.000000
1.000000
1.000000
1.000000
1.000000
1.000000
1.000000
1.000000
1.000000
1.000000
1.000000
1.000000
1.000000
1.000000
1.000000
1.000000
1.000000
1.000000
1.000000
1.000000
1.000000
1.000000
1.000000
1.000000
1.000000
1.000000
1.000000
1.000000
1.000000
1.000000
1.000000
1.000000
1.000000
1.000000
1.000000
1.000000
1.000000
1.000000
