0.000000
0.000000
0.000000
0.000000
0.000000
0.000000
0.000000
0.000000
0.000000
0.000000
0.000000
0.000001
0.000001
0.000002
0.000002
0.000003
0.000005
0.000007
0.000012
0.000019
0.000034
0.000066
0.000133
0.000262
0.000501
0.000896
0.001495
0.002351
0.003530
0.005121
0.007312
0.010384
0.014749
0.020858
0.029030
0.039196
0.050727
0.062472
0.073297
0.082408
0.089554
0.095011
0.099157
0.102370
0.104915
0.106957
0.108635
0.110082
0.111404
0.112668
0.113892
0.115091
0.116295
0.117478
0.118656
0.119835
0.121004
0.122167
0.123349
0.124519
0.125692
0.126870
0.128042
0.129217
0.130385
0.131562
0.132726
0.133896
0.135072
0.136251
0.137434
0.138613
0.139788
0.140964
0.142137
0.143309
0.144474
0.145641
0.146802
0.147962
0.149113
0.150265
0.151420
0.152567
0.153719
0.154866
0.156006
0.157145
0.158284
0.159420
0.160569
0.161692
0.162824
0.163957
0.165090
0.166227
0.167358
0.168492
0.169617
0.170757
0.171882
0.172999
0.174125
0.175235
0.176353
0.177461
0.178571
0.179679
0.180799
0.181908
0.183011
0.184124
0.185238
0.186352
0.187460
0.188563
0.189662
0.190781
0.191882
0.192998
0.194111
0.195221
0.196343
0.197466
0.198585
0.199704
0.200820
0.201945
0.203075
0.204207
0.205332
0.206461
0.207598
0.208719
0.209851
0.210983
0.212117
0.213248
0.214376
0.215504
0.216634
0.217765
0.218892
0.220017
0.221139
0.222255
0.223356
0.224486
0.225596
0.226715
0.227837
0.228954
0.230079
0.231194
0.232304
0.233416
0.234532
0.235647
0.236759
0.237881
0.238995
0.240115
0.241234
0.242354
0.243474
0.244588
0.245698
0.246814
0.247934
0.249052
0.250167
0.251275
0.252382
0.253500
0.254617
0.255730
0.256842
0.257964
0.259076
0.260207
0.261336
0.262467
0.263613
0.264766
0.265938
0.267118
0.268313
0.269530
0.270761
0.272010
0.273298
0.274600
0.275924
0.277277
0.278652
0.280049
0.281460
0.282900
0.284358
0.285841
0.287329
0.288828
0.290344
0.291873
0.293405
0.294945
0.296477
0.298003
0.299532
0.301072
0.302600
0.304125
0.305640
0.307158
0.308656
0.310160
0.311657
0.313142
0.314625
0.316098
0.317559
0.319015
0.320466
0.321905
0.323340
0.324759
0.326185
0.327596
0.329005
0.330403
0.331785
0.333172
0.334550
0.335911
0.337268
0.338623
0.339971
0.341310
0.342655
0.343982
0.345300
0.346618
0.347934
0.349241
0.350544
0.351833
0.353122
0.354412
0.355691
0.356977
0.358239
0.359503
0.360765
0.362022
0.363281
0.364534
0.365767
0.367001
0.368243
0.369484
0.370713
0.371943
0.373165
0.374390
0.375597
0.376804
0.378012
0.379221
0.380427
0.381627
0.382821
0.384015
0.385196
0.386388
0.387560
0.388744
0.389921
0.391087
0.392255
0.393420
0.394584
0.395750
0.396913
0.398069
0.399225
0.400374
0.401520
0.402676
0.403812
0.404948
0.406082
0.407217
0.408350
0.409488
0.410623
0.411746
0.412875
0.414004
0.415118
0.416232
0.417346
0.418465
0.419584
0.420695
0.421807
0.422914
0.424006
0.425100
0.426208
0.427297
0.428392
0.429488
0.430580
0.431666
0.432758
0.433837
0.434922
0.435998
0.437078
0.438151
0.439226
0.440302
0.441373
0.442454
0.443531
0.444602
0.445676
0.446747
0.447813
0.448871
0.449937
0.450995
0.452050
0.453104
0.454166
0.455224
0.456280
0.457337
0.458390
0.459444
0.460503
0.461560
0.462608
0.463666
0.464716
0.465766
0.466817
0.467861
0.468909
0.469949
0.470999
0.472039
0.473078
0.474119
0.475154
0.476185
0.477235
0.478271
0.479312
0.480345
0.481389
0.482426
0.483465
0.484493
0.485537
0.486572
0.487611
0.488648
0.489678
0.490717
0.491751
0.492781
0.493827
0.494863
0.495904
0.496931
0.497968
0.499006
0.500033
0.501063
0.502098
0.503129
0.504160
0.505196
0.506230
0.507262
0.508294
0.509323
0.510360
0.511388
0.512410
0.513443
0.514472
0.515504
0.516547
0.517574
0.518604
0.519632
0.520665
0.521702
0.522742
0.523774
0.524810
0.525843
0.526881
0.527914
0.528961
0.529995
0.531030
0.532069
0.533113
0.534140
0.535178
0.536221
0.537267
0.538311
0.539352
0.540385
0.541426
0.542470
0.543525
0.544573
0.545616
0.546673
0.547726
0.548769
0.549825
0.550878
0.551928
0.552990
0.554048
0.555105
0.556159
0.557224
0.558281
0.559347
0.560414
0.561474
0.562542
0.563606
0.564674
0.565743
0.566819
0.567884
0.568948
0.570011
0.571083
0.572146
0.573207
0.574260
0.575316
0.576370
0.577413
0.578451
0.579485
0.580506
0.581523
0.582520
0.583519
0.584495
0.585473
0.586433
0.587376
0.588308
0.589223
0.590119
0.590993
0.591852
0.592697
0.593523
0.594326
0.595115
0.595881
0.596626
0.597359
0.598076
0.598765
0.599433
0.600081
0.600711
0.601320
0.601911
0.602492
0.603053
0.603599
0.604137
0.604647
0.605156
0.605635
0.606110
0.606570
0.607018
0.607454
0.607884
0.608300
0.608703
0.609101
0.609490
0.609873
0.610246
0.610616
0.610976
0.611329
0.611676
0.612013
0.612349
0.612678
0.612996
0.613312
0.613625
0.613933
0.614238
0.614533
0.614828
0.615115
0.615401
0.615678
0.615956
0.616226
0.616498
0.616760
0.617022
0.617280
0.617533
0.617786
0.618031
0.618273
0.618511
0.618750
0.618982
0.619212
0.619439
0.619665
0.619886
0.620106
0.620323
0.620542
0.620755
0.620965
0.621177
0.621383
0.621584
0.621786
0.621988
0.622184
0.622380
0.622578
0.622772
0.622966
0.623159
0.623347
0.623534
0.623718
0.623903
0.624089
0.624268
0.624450
0.624631
0.624810
0.624988
0.625163
0.625340
0.625515
0.625691
0.625862
0.626035
0.626208
0.626379
0.626548
0.626722
0.626889
0.627061
0.627230
0.627400
0.627567
0.627738
0.627911
0.628081
0.628253
0.628426
0.628598
0.628771
0.628942
0.629113
0.629286
0.629455
0.629628
0.629803
0.629973
0.630148
0.630324
0.630498
0.630673
0.630850
0.631027
0.631209
0.631398
0.631584
0.631773
0.631968
0.632165
0.632372
0.632584
0.632803
0.633032
0.633270
0.633528
0.633797
0.634084
0.634388
0.634717
0.635078
0.635464
0.635889
0.636344
0.636842
0.637388
0.637981
0.638633
0.639358
0.640141
0.641007
0.641955
0.642988
0.644124
0.645370
0.646715
0.648190
0.649796
0.651550
0.653444
0.655488
0.657698
0.660077
0.662655
0.665412
0.668358
0.671513
0.674890
0.678479
0.682293
0.686333
0.690643
0.695182
0.699961
0.704981
0.710240
0.715742
0.721483
0.727432
0.733621
0.740016
0.746608
0.753405
0.760356
0.767477
0.774745
0.782117
0.789613
0.797173
0.804830
0.812513
0.820182
0.827857
0.835508
0.843097
0.850592
0.858004
0.865305
0.872439
0.879436
0.886217
0.892811
0.899201
0.905369
0.911288
0.916959
0.922386
0.927553
0.932460
0.937114
0.941458
0.945545
0.949380
0.952959
0.956271
0.959356
0.962179
0.964787
0.967188
0.969375
0.971375
0.973197
0.974836
0.976324
0.977648
0.978840
0.979900
0.980851
0.981684
0.982429
0.983084
0.983670
0.984174
0.984622
0.985010
0.985353
0.985648
0.985910
0.986136
0.986337
0.986512
0.986663
0.986801
0.986919
0.987024
0.987119
0.987205
0.987280
0.987350
0.987415
0.987475
0.987529
0.987582
0.987631
0.987677
0.987722
0.987766
0.987807
0.987848
0.987885
0.987921
0.987957
0.987993
0.988030
0.988064
0.988099
0.988133
0.988167
0.988200
0.988233
0.988265
0.988299
0.988332
0.988365
0.988397
0.988429
0.988463
0.988495
0.988527
0.988559
0.988590
0.988620
0.988652
0.988683
0.988715
0.988745
0.988777
0.988807
0.988836
0.988868
0.988899
0.988932
0.988962
0.988993
0.989026
0.989056
0.989088
0.989118
0.989150
0.989181
0.989211
0.989242
0.989272
0.989302
0.989333
0.989363
0.989391
0.989421
0.989452
0.989479
0.989509
0.989538
0.989567
0.989596
0.989626
0.989655
0.989683
0.989712
0.989741
0.989768
0.989798
0.989826
0.989855
0.989884
0.989914
0.989942
0.989971
0.990000
0.990028
0.990056
0.990086
0.990115
0.990144
0.990173
0.990201
0.990229
0.990259
0.990286
0.990314
0.990342
0.990368
0.990397
0.990424
0.990451
0.990480
0.990508
0.990535
0.990563
0.990591
0.990620
0.990648
0.990676
0.990703
0.990731
0.990758
0.990787
0.990815
0.990843
0.990871
0.990897
0.990926
0.990953
0.990981
0.991008
0.991038
0.991064
0.991092
0.991120
0.991148
0.991175
0.991202
0.991230
0.991257
0.991284
0.991310
0.991338
0.991363
0.991390
0.991418
0.991445
0.991473
0.991499
0.991526
0.991553
0.991583
0.991610
0.991637
0.991663
0.991689
0.991715
0.991742
0.991768
0.991796
0.991823
0.991849
0.991876
0.991903
0.991931
0.991958
0.991984
0.992011
0.992038
0.992064
0.992089
0.992115
0.992142
0.992168
0.992194
0.992219
0.992244
0.992269
0.992294
0.992321
0.992347
0.992372
0.992396
0.992422
0.992447
0.992473
0.992498
0.992522
0.992545
0.992569
0.992594
0.992618
0.992641
0.992665
0.992688
0.992712
0.992735
0.992759
0.992783
0.992806
0.992829
0.992852
0.992877
0.992900
0.992922
0.992945
0.992968
0.992991
0.993013
0.993036
0.993060
0.993082
0.993105
0.993127
0.993150
0.993171
0.993194
0.993215
0.993236
0.993257
0.993280
0.993301
0.993322
0.993343
0.993363
0.993386
0.993407
0.993428
0.993449
0.993470
0.993491
0.993512
0.993533
0.993554
0.993575
0.993595
0.993617
0.993638
0.993659
0.993679
0.993699
0.993720
0.993739
0.993759
0.993779
0.993800
0.993819
0.993840
0.993860
0.993881
0.993902
0.993921
0.993940
0.993960
0.993980
0.994000
0.994020
0.994039
0.994059
0.994078
0.994097
0.994116
0.994134
0.994153
0.994171
0.994191
0.994210
0.994229
0.994249
0.994267
0.994285
0.994304
0.994323
0.994341
0.994360
0.994380
0.994398
0.994416
0.994434
0.994451
0.994469
0.994488
0.994506
0.994525
0.994542
0.994559
0.994576
0.994594
0.994612
0.994630
0.994648
0.994666
0.994685
0.994702
0.994719
0.994738
0.994754
0.994773
0.994789
0.994806
0.994823
0.994840
0.994858
0.994875
0.994893
0.994911
0.994928
0.994944
0.994962
0.994980
0.994996
0.995013
0.995031
0.995049
0.995066
0.995082
0.995098
0.995115
0.995132
0.995148
0.995165
0.995182
0.995200
0.995217
0.995233
0.995249
0.995265
0.995281
0.995298
0.995314
0.995330
0.995347
0.995364
0.995381
0.995399
0.995416
0.995432
0.995448
0.995464
0.995480
0.995496
0.995512
0.995527
0.995543
0.995560
0.995575
0.995590
0.995606
0.995622
0.995637
0.995653
0.995669
0.995683
0.995699
0.995715
0.995731
0.995747
0.995763
0.995778
0.995793
0.995809
0.995825
0.995840
0.995856
0.995872
0.995886
0.995901
0.995916
0.995931
0.995947
0.995962
0.995976
0.995991
0.996005
0.996019
0.996033
0.996048
0.996062
0.996076
0.996089
0.996103
0.996117
0.996131
0.996146
0.996161
0.996174
0.996188
0.996201
0.996216
0.996230
0.996243
0.996257
0.996270
0.996283
0.996296
0.996308
0.996321
0.996333
0.996347
0.996361
0.996374
0.996385
0.996396
0.996409
0.996421
0.996433
0.996444
0.996456
0.996467
0.996480
0.996491
0.996503
0.996514
0.996526
0.996537
0.996548
0.996558
0.996569
0.996580
0.996590
0.996600
0.996610
0.996621
0.996631
0.996642
0.996651
0.996661
0.996671
0.996682
0.996692
0.996702
0.996711
0.996720
0.996729
0.996738
0.996748
0.996757
0.996766
0.996774
0.996783
0.996791
0.996801
0.996811
0.996820
0.996828
0.996837
0.996846
0.996855
0.996864
0.996873
0.996881
0.996889
0.996897
0.996905
0.996913
0.996921
0.996929
0.996937
0.996945
0.996953
0.996961
0.996969
0.996978
0.996987
0.996994
0.997002
0.997010
0.997018
0.997026
0.997034
0.997042
0.997050
0.997059
0.997067
0.997075
0.997083
0.997090
0.997099
0.997106
0.997114
0.997123
0.997131
0.997140
0.997147
0.997155
0.997162
0.997171
0.997179
0.997187
0.997195
0.997202
0.997210
0.997217
0.997226
0.997234
0.997243
0.997251
0.997259
0.997267
0.997275
0.997283
0.997291
0.997300
0.997308
0.997316
0.997324
0.997333
0.997341
0.997350
0.997359
0.997368
0.997376
0.997385
0.997393
0.997403
0.997412
0.997420
0.997430
0.997439
0.997449
0.997457
0.997467
0.997477
0.997486
0.997495
0.997506
0.997516
0.997527
0.997537
0.997547
0.997558
0.997568
0.997580
0.997591
0.997601
0.997612
0.997622
0.997633
0.997644
0.997655
0.997667
0.997679
0.997691
0.997704
0.997716
0.997728
0.997741
0.997754
0.997767
0.997780
0.997794
0.997806
0.997821
0.997834
0.997847
0.997862
0.997876
0.997890
0.997905
0.997920
0.997934
0.997949
0.997965
0.997980
0.997996
0.998012
0.998030
0.998047
0.998065
0.998083
0.998099
0.998116
0.998134
0.998151
0.998169
0.998187
0.998208
0.998225
0.998246
0.998265
0.998285
0.998305
0.998326
0.998346
0.998367
0.998387
0.998408
0.998430
0.998453
0.998474
0.998495
0.998517
0.998539
0.998560
0.998583
0.998604
0.998625
0.998647
0.998668
0.998689
0.998712
0.998734
0.998755
0.998777
0.998798
0.998819
0.998839
0.998859
0.998881
0.998901
0.998920
0.998941
0.998960
0.998981
0.999000
0.999020
0.999037
0.999055
0.999073
0.999090
0.999107
0.999123
0.999140
0.999155
0.999170
0.999184
0.999199
0.999213
0.999227
0.999240
0.999252
0.999263
0.999275
0.999285
0.999296
0.999307
0.999317
0.999327
0.999336
0.999345
0.999354
0.999361
0.999368
0.999375
0.999382
0.999388
0.999394
0.999400
0.999405
0.999409
0.999414
0.999419
0.999423
0.999428
0.999432
0.999436
0.999439
0.999443
0.999445
0.999448
0.999450
0.999453
0.999455
0.999457
0.999459
0.999461
0.999463
0.999464
0.999466
0.999467
0.999468
0.999469
0.999470
0.999471
0.999472
0.999473
0.999474
0.999475
0.999476
0.999476
0.999477
0.999478
0.999478
0.999479
0.999480
0.999480
0.999481
0.999481
0.999482
0.999483
0.999483
0.999483
0.999484
0.999485
0.999485
0.999486
0.999486
0.999487
0.999487
0.999488
0.999488
0.999489
0.999489
0.999490
0.999490
0.999491
0.999491
0.999492
0.999492
0.999493
0.999493
0.999493
0.999494
0.999494
0.999495
0.999495
0.999496
0.999496
0.999497
0.999497
0.999498
0.999498
0.999499
0.999499
0.999499
0.999500
0.999501
0.999501
0.999501
0.999502
0.999502
0.999503
0.999503
0.999503
0.999504
0.999504
0.999505
0.999505
0.999506
0.999506
0.999506
0.999507
0.999507
0.999508
0.999508
0.999508
0.999509
0.999509
0.999509
0.999510
0.999510
0.999510
0.999511
0.999511
0.999511
0.999511
0.999511
0.999512
0.999512
0.999512
0.999512
0.999513
0.999513
0.999513
0.999513
0.999514
0.999514
0.999514
0.999514
0.999515
0.999515
0.999515
0.999515
0.999516
0.999516
0.999516
0.999516
0.999516
0.999517
0.999517
0.999517
0.999517
0.999517
0.999518
0.999518
0.999518
0.999518
0.999518
0.999519
0.999519
0.999519
0.999519
0.999519
0.999520
0.999520
0.999520
0.999520
0.999520
0.999520
0.999521
0.999521
0.999521
0.999521
0.999521
0.999521
0.999521
0.999522
0.999522
0.999522
0.999522
0.999522
0.999522
0.999523
0.999523
0.999523
0.999523
0.999523
0.999523
0.999523
0.999524
0.999524
0.999524
0.999524
0.999524
0.999524
0.999524
0.999525
0.999525
0.999525
0.999525
0.999525
0.999526
0.999526
0.999526
0.999526
0.999526
0.999527
0.999527
0.999527
0.999527
0.999527
0.999528
0.999528
0.999528
0.999528
0.999528
0.999528
0.999529
0.999529
0.999529
0.999530
0.999530
0.999531
0.999532
0.999533
0.999535
0.999536
0.999538
0.999539
0.999541
0.999543
0.999545
0.999546
0.999548
0.999549
0.999550
0.999552
0.999553
0.999554
0.999555
0.999555
0.999556
0.999557
0.999558
0.999559
0.999560
0.999561
0.999562
0.999564
0.999565
0.999566
0.999568
0.999571
0.999573
0.999575
0.999579
0.999582
0.999586
0.999590
0.999593
0.999598
0.999603
0.999608
0.999612
0.999617
0.999622
0.999627
0.999632
0.999637
0.999642
0.999647
0.999652
0.999657
0.999662
0.999666
0.999671
0.999676
0.999680
0.999685
0.999689
0.999694
0.999698
0.999702
0.999707
0.999711
0.999715
0.999719
0.999723
0.999726
0.999730
0.999733
0.999736
0.999739
0.999742
0.999745
0.999747
0.999750
0.999752
0.999755
0.999757
0.999760
0.999763
0.999766
0.999769
0.999774
0.999779
0.999785
0.999792
0.999799
0.999808
0.999818
0.999829
0.999840
0.999852
0.999863
0.999875
0.999886
0.999896
0.999904
0.999913
0.999919
0.999924
0.999928
0.999932
0.999934
0.999936
0.999938
0.999939
0.999940
0.999941
0.999941
0.999942
0.999942
0.999943
0.999944
0.999944
0.999945
0.999946
0.999946
0.999947
0.999947
0.999948
0.999948
0.999948
0.999949
0.999949
0.999950
0.999950
0.999951
0.999951
0.999952
0.999952
0.999953
0.999953
0.999954
0.999954
0.999955
0.999955
0.999956
0.999956
0.999957
0.999957
0.999958
0.999958
0.999958
0.999958
0.999959
0.999959
0.999960
0.999960
0.999960
0.999961
0.999961
0.999961
0.999962
0.999962
0.999962
0.999963
0.999963
0.999963
0.999964
0.999964
0.999964
0.999964
0.999965
0.999965
0.999965
0.999966
0.999966
0.999966
0.999967
0.999967
0.999967
0.999968
0.999968
0.999969
0.999969
0.999970
0.999970
0.999970
0.999971
0.999971
0.999971
0.999972
0.999972
0.999972
0.999972
0.999972
0.999972
0.999973
0.999973
0.999973
0.999973
0.999973
0.999973
0.999973
0.999974
0.999974
0.999974
0.999974
0.999974
0.999974
0.999974
0.999974
0.999974
0.999974
0.999974
0.999975
0.999975
0.999975
0.999975
0.999975
0.999975
0.999975
0.999975
0.999975
0.999975
0.999976
0.999976
0.999976
0.999976
0.999976
0.999976
0.999976
0.999976
0.999976
0.999976
0.999976
0.999976
0.999976
0.999977
0.999977
0.999977
0.999977
0.999977
0.999977
0.999977
0.999977
0.999977
0.999977
0.999977
0.999977
0.999977
0.999977
0.999977
0.999977
0.999977
0.999978
0.999978
0.999978
0.999978
0.999978
0.999978
0.999978
0.999978
0.999978
0.999978
0.999978
0.999978
0.999978
0.999978
0.999978
0.999978
0.999978
0.999978
0.999978
0.999979
0.999979
0.999979
0.999979
0.999979
0.999979
0.999979
0.999979
0.999979
0.999979
0.999979
0.999979
0.999979
0.999979
0.999979
0.999980
0.999980
0.999980
0.999980
0.999980
0.999980
0.999980
0.999980
0.999980
0.999980
0.999980
0.999980
0.999980
0.999980
0.999980
0.999981
0.999981
0.999981
0.999981
0.999981
0.999981
0.999981
0.999981
0.999981
0.999981
0.999981
0.999981
0.999981
0.999981
0.999981
0.999981
0.999982
0.999982
0.999982
0.999982
0.999982
0.999982
0.999982
0.999982
0.999982
0.999982
0.999982
0.999982
0.999982
0.999982
0.999982
0.999982
0.999983
0.999983
0.999983
0.999983
0.999983
0.999983
0.999983
0.999983
0.999983
0.999983
0.999983
0.999983
0.999983
0.999983
0.999983
0.999983
0.999983
0.999983
0.999983
0.999983
0.999983
0.999983
0.999983
0.999984
0.999984
0.999984
0.999984
0.999984
0.999984
0.999984
0.999984
0.999984
0.999984
0.999984
0.999984
0.999984
0.999984
0.999985
0.999985
0.999985
0.999985
0.999985
0.999985
0.999985
0.999985
0.999985
0.999985
0.999985
0.999985
0.999985
0.999985
0.999985
0.999986
0.999986
0.999986
0.999986
0.999986
0.999986
0.999986
0.999986
0.999986
0.999986
0.999986
0.999986
0.999986
0.999986
0.999986
0.999987
0.999987
0.999987
0.999987
0.999987
0.999987
0.999987
0.999987
0.999987
0.999987
0.999987
0.999987
0.999988
0.999988
0.999988
0.999988
0.999988
0.999988
0.999988
0.999988
0.999988
0.999988
0.999988
0.999988
0.999988
0.999988
0.999989
0.999989
0.999989
0.999989
0.999989
0.999989
0.999989
0.999989
0.999989
0.999989
0.999989
0.999989
0.999989
0.999989
0.999989
0.999989
0.999989
0.999989
0.999989
0.999989
0.999989
0.999989
0.999989
0.999989
0.999989
0.999989
0.999989
0.999989
0.999989
0.999990
0.999990
0.999990
0.999990
0.999990
0.999990
0.999990
0.999990
0.999990
0.999990
0.999990
0.999990
0.999990
0.999990
0.999990
0.999990
0.999990
0.999990
0.999990
0.999990
0.999990
0.999990
0.999990
0.999990
0.999990
0.999990
0.999990
0.999990
0.999990
0.999990
0.999990
0.999990
0.999990
0.999990
0.999990
0.999990
0.999990
0.999990
0.999991
0.999991
0.999991
0.999991
0.999991
0.999991
0.999991
0.999991
0.999991
0.999991
0.999991
0.999991
0.999991
0.999991
0.999991
0.999991
0.999991
0.999991
0.999991
0.999991
0.999991
0.999991
0.999991
0.999991
0.999991
0.999991
0.999991
0.999991
0.999991
0.999991
0.999991
0.999991
0.999991
0.999991
0.999991
0.999991
0.999991
0.999991
0.999991
0.999991
0.999991
0.999991
0.999991
0.999991
0.999991
0.999991
0.999991
0.999991
0.999991
0.999991
0.999991
0.999991
0.999991
0.999991
0.999991
0.999991
0.999991
0.999991
0.999991
0.999992
0.999992
0.999992
0.999992
0.999992
0.999992
0.999992
0.999992
0.999992
0.999992
0.999992
0.999992
0.999992
0.999992
0.999992
0.999992
0.999992
0.999992
0.999992
0.999992
0.999992
0.999992
0.999992
0.999992
0.999992
0.999992
0.999992
0.999992
0.999992
0.999992
0.999992
0.999992
0.999992
0.999992
0.999992
0.999992
0.999992
0.999992
0.999992
0.999992
0.999992
0.999992
0.999992
0.999993
0.999993
0.999993
0.999993
0.999993
0.999993
0.999993
0.999993
0.999993
0.999993
0.999993
0.999993
0.999993
0.999993
0.999993
0.999993
0.999993
0.999993
0.999993
0.999993
0.999993
0.999993
0.999993
0.999993
0.999993
0.999993
0.999993
0.999993
0.999993
0.999993
0.999993
0.999993
0.999993
0.999993
0.999993
0.999993
0.999993
0.999993
0.999993
0.999993
0.999993
0.999993
0.999993
0.999993
0.999993
0.999993
0.999993
0.999993
0.999993
0.999993
0.999993
0.999993
0.999993
0.999993
0.999993
0.999994
0.999994
0.999994
0.999994
0.999994
0.999994
0.999994
0.999994
0.999994
0.999994
0.999994
0.999994
0.999994
0.999994
0.999994
0.999994
0.999994
0.999994
0.999994
0.999994
0.999994
0.999994
0.999994
0.999994
0.999994
0.999994
0.999994
0.999994
0.999994
0.999994
0.999994
0.999994
0.999994
0.999994
0.999994
0.999994
0.999994
0.999994
0.999994
0.999994
0.999994
0.999994
0.999994
0.999994
0.999994
0.999994
0.999994
0.999994
0.999994
0.999994
0.999994
0.999994
0.999994
0.999994
0.999994
0.999994
0.999994
0.999994
0.999994
0.999994
0.999994
0.999994
0.999994
0.999994
0.999994
0.999994
0.999994
0.999994
0.999994
0.999994
0.999994
0.999994
0.999994
0.999994
0.999994
0.999994
0.999994
0.999994
0.999994
0.999994
0.999994
0.999994
0.999995
0.999995
0.999995
0.999995
0.999995
0.999995
0.999995
0.999995
0.999995
0.999995
0.999995
0.999995
0.999995
0.999995
0.999995
0.999995
0.999995
0.999995
0.999995
0.999995
0.999995
0.999995
0.999995
0.999995
0.999995
0.999995
0.999995
0.999995
0.999995
0.999995
0.999995
0.999995
0.999995
0.999995
0.999995
0.999995
0.999995
0.999995
0.999995
0.999995
0.999995
0.999995
0.999995
0.999995
0.999995
0.999995
0.999995
0.999995
0.999995
0.999995
0.999995
0.999995
0.999995
0.999995
0.999995
0.999995
0.999995
0.999995
0.999995
0.999995
0.999995
0.999995
0.999995
0.999995
0.999995
0.999995
0.999995
0.999995
0.999995
0.999995
0.999995
0.999995
0.999995
0.999995
0.999995
0.999995
0.999995
0.999995
0.999995
0.999995
0.999995
0.999995
0.999995
0.999995
0.999995
0.999995
0.999995
0.999995
0.999995
0.999995
0.999995
0.999995
0.999995
0.999995
0.999995
0.999995
0.999995
0.999995
0.999995
0.999995
0.999995
0.999995
0.999995
0.999995
0.999995
0.999995
0.999995
0.999995
0.999995
0.999995
0.999996
0.999996
0.999996
0.999996
0.999996
0.999996
0.999996
0.999996
0.999996
0.999996
0.999996
0.999996
0.999996
0.999996
0.999996
0.999996
0.999996
0.999996
0.999996
0.999996
0.999996
0.999996
0.999996
0.999996
0.999996
0.999996
0.999996
0.999996
0.999996
0.999996
0.999996
0.999996
0.999996
0.999996
0.999996
0.999996
0.999996
0.999996
0.999996
0.999996
0.999996
0.999996
0.999996
0.999996
0.999996
0.999996
0.999996
0.999996
0.999996
0.999996
0.999996
0.999996
0.999996
0.999996
0.999996
0.999996
0.999996
0.999996
0.999996
0.999996
0.999996
0.999996
0.999996
0.999996
0.999996
0.999996
0.999996
0.999996
0.999996
0.999996
0.999996
0.999996
0.999996
0.999996
0.999996
0.999996
0.999996
0.999996
0.999996
0.999996
0.999996
0.999996
0.999996
0.999996
0.999996
0.999996
0.999996
0.999996
0.999996
0.999996
0.999996
0.999997
0.999997
0.999997
0.999997
0.999997
0.999997
0.999997
0.999997
0.999997
0.999997
0.999997
0.999997
0.999997
0.999997
0.999997
0.999997
0.999997
0.999997
0.999997
0.999997
0.999997
0.999997
0.999997
0.999997
0.999997
0.999997
0.999997
0.999997
0.999997
0.999997
0.999997
0.999997
0.999997
0.999997
0.999997
0.999997
0.999997
0.999997
0.999997
0.999997
0.999997
0.999997
0.999997
0.999997
0.999997
0.999997
0.999997
0.999997
0.999998
0.999998
0.999998
0.999998
0.999998
0.999998
0.999998
0.999998
0.999998
0.999998
0.999998
0.999998
0.999998
0.999998
0.999998
0.999998
0.999998
0.999998
0.999998
0.999998
0.999998
0.999998
0.999998
0.999998
0.999998
0.999998
0.999998
0.999998
0.999998
0.999998
0.999998
0.999998
0.999998
0.999998
0.999998
0.999998
0.999998
0.999998
0.999998
0.999998
0.999998
0.999998
0.999998
0.999998
0.999998
0.999998
0.999998
0.999998
0.999998
0.999998
0.999998
0.999998
0.999998
0.999998
0.999998
0.999998
0.999998
0.999998
0.999998
0.999998
0.999998
0.999998
0.999998
0.999998
0.999998
0.999998
0.999998
0.999998
0.999998
0.999998
0.999998
0.999998
0.999998
0.999998
0.999998
0.999998
0.999998
0.999998
0.999998
0.999998
0.999998
0.999998
0.999998
0.999998
0.999998
0.999998
0.999998
0.999998
0.999998
0.999998
0.999998
0.999998
0.999998
0.999998
0.999998
0.999998
0.999998
0.999998
0.999998
0.999998
0.999998
0.999998
0.999998
0.999998
0.999998
0.999998
0.999998
0.999998
0.999998
0.999998
0.999998
0.999998
0.999998
0.999998
0.999998
0.999998
0.999998
0.999998
0.999998
0.999998
0.999998
0.999998
0.999998
0.999998
0.999998
0.999998
0.999998
0.999998
0.999998
0.999998
0.999998
0.999998
0.999998
0.999998
0.999998
0.999998
0.999998
0.999998
0.999998
0.999998
0.999998
0.999998
0.999998
0.999998
0.999998
0.999998
0.999998
0.999998
0.999998
0.999998
0.999998
0.999998
0.999998
0.999998
0.999998
0.999998
0.999998
0.999998
0.999998
0.999998
0.999998
0.999998
0.999998
0.999998
0.999998
0.999998
0.999998
0.999998
0.999998
0.999998
0.999998
0.999998
0.999998
0.999998
0.999998
0.999998
0.999998
0.999998
0.999998
0.999998
0.999998
0.999999
0.999999
0.999999
0.999999
0.999999
0.999999
0.999999
0.999999
0.999999
0.999999
0.999999
0.999999
0.999999
0.999999
0.999999
0.999999
0.999999
0.999999
0.999999
0.999999
0.999999
0.999999
0.999999
0.999999
0.999999
0.999999
0.999999
0.999999
0.999999
0.999999
0.999999
0.999999
0.999999
0.999999
0.999999
0.999999
0.999999
0.999999
0.999999
0.999999
0.999999
0.999999
0.999999
0.999999
0.999999
0.999999
0.999999
0.999999
0.999999
0.999999
0.999999
0.999999
0.999999
0.999999
0.999999
0.999999
0.999999
0.999999
0.999999
0.999999
0.999999
0.999999
0.999999
0.999999
0.999999
0.999999
0.999999
0.999999
0.999999
0.999999
0.999999
0.999999
0.999999
0.999999
0.999999
0.999999
0.999999
0.999999
0.999999
0.999999
0.999999
0.999999
0.999999
0.999999
0.999999
0.999999
0.999999
0.999999
0.999999
0.999999
0.999999
0.999999
0.999999
0.999999
0.999999
0.999999
0.999999
0.999999
0.999999
0.999999
0.999999
0.999999
0.999999
0.999999
0.999999
0.999999
0.999999
0.999999
0.999999
0.999999
0.999999
0.999999
0.999999
0.999999
0.999999
0.999999
0.999999
0.999999
0.999999
0.999999
0.999999
0.999999
0.999999
0.999999
0.999999
0.999999
0.999999
0.999999
0.999999
0.999999
0.999999
0.999999
0.999999
0.999999
0.999999
0.999999
0.999999
0.999999
0.999999
0.999999
0.999999
0.999999
0.999999
0.999999
0.999999
0.999999
0.999999
0.999999
0.999999
0.999999
0.999999
0.999999
0.999999
0.999999
0.999999
0.999999
0.999999
0.999999
0.999999
0.999999
0.999999
0.999999
0.999999
0.999999
0.999999
0.999999
0.999999
0.999999
0.999999
0.999999
0.999999
0.999999
0.999999
0.999999
0.999999
0.999999
0.999999
0.999999
0.999999
0.999999
0.999999
0.999999
0.999999
0.999999
0.999999
0.999999
0.999999
0.999999
0.999999
0.999999
0.999999
0.999999
0.999999
0.999999
0.999999
0.999999
0.999999
0.999999
0.999999
0.999999
0.999999
0.999999
0.999999
0.999999
0.999999
0.999999
0.999999
0.999999
0.999999
0.999999
0.999999
0.999999
0.999999
0.999999
0.999999
0.999999
0.999999
0.999999
0.999999
0.999999
0.999999
0.999999
0.999999
0.999999
0.999999
0.999999
0.999999
0.999999
0.999999
0.999999
0.999999
0.999999
0.999999
0.999999
0.999999
0.999999
0.999999
0.999999
0.999999
0.999999
0.999999
0.999999
0.999999
0.999999
0.999999
0.999999
0.999999
0.999999
0.999999
0.999999
0.999999
0.999999
0.999999
0.999999
0.999999
0.999999
0.999999
0.999999
0.999999
0.999999
0.999999
0.999999
0.999999
0.999999
0.999999
0.999999
0.999999
0.999999
0.999999
0.999999
0.999999
0.999999
0.999999
0.999999
0.999999
0.999999
0.999999
0.999999
0.999999
0.999999
0.999999
0.999999
0.999999
0.999999
0.999999
0.999999
0.999999
0.999999
0.999999
0.999999
0.999999
0.999999
0.999999
0.999999
0.999999
0.999999
0.999999
0.999999
0.999999
0.999999
0.999999
0.999999
0.999999
0.999999
0.999999
0.999999
0.999999
0.999999
0.999999
0.999999
0.999999
1.000000
1.000000
1.000000
1.000000
1.000000
1.000000
1.000000
1.000000
1.000000
1.000000
1.000000
1.000000
1.000000
1.000000
1.000000
1.000000
1.000000
1.000000
1.000000
1.000000
1.000000
1.000000
1.000000
1.000000
1.000000
1.000000
1.000000
1.000000
1.000000
1.000000
1.000000
1.000000
1.000000
1.000000
1.000000
1.000000
1.000000
1.000000
1.000000
1.000000
1.000000
1.000000
1.000000
1.000000
1.000000
1.000000
1.000000
1.000000
1.000000
1.000000
1.000000
1.000000
1.000000
1.000000
1.000000
1.000000
1.000000
1.000000
1.000000
1.000000
1.000000
1.000000
1.000000
1.000000
1.000000
1.000000
1.000000
1.000000
1.000000
1.000000
1.000000
1.000000
1.000000
1.000000
1.000000
1.000000
1.000000
1.000000
1.000000
1.000000
1.000000
1.000000
1.000000
1.000000
1.000000
1.000000
1.000000
1.000000
1.000000
1.000000
1.000000
1.000000
1.000000
1.000000
1.000000
1.000000
1.000000
1.000000
1.000000
1.000000
1.000000
1.000000
1.000000
1.000000
1.000000
1.000000
1.000000
1.000000
1.000000
1.000000
1.000000
1.000000
1.000000
1.000000
1.000000
1.000000
1.000000
1.000000
1.000000
1.000000
1.000000
1.000000
1.000000
1.000000
1.000000
1.000000
1.000000
1.000000
1.000000
1.000000
1.000000
1.000000
1.000000
1.000000
1.000000
1.000000
1.000000
1.000000
1.000000
1.000000
1.000000
1.000000
1.000000
1.000000
1.000000
1.000000
1.000000
1.000000
1.000000
1.000000
1.000000
1.000000
1.000000
1.000000
1.000000
1.000000
1.000000
1.000000
1.000000
1.000000
1.000000
1.000000
1.000000
1.000000
1.000000
1.000000
1.000000
1.000000
1.000000
1.000000
1.000000
1.000000
1.000000
1.000000
1.000000
1.000000
1.000000
1.000000
1.000000
1.000000
1.000000
1.000000
1.000000
1.000000
1.000000
1.000000
1.000000
1.000000
1.000000
1.000000
1.000000
1.000000
1.000000
1.000000
1.000000
1.000000
1.000000
1.000000
1.000000
1.000000
1.000000
1.000000
1.000000
1.000000
1.000000
1.000000
1.000000
1.000000
1.000000
1.000000
1.000000
1.000000
1.000000
1.000000
1.000000
1.000000
1.000000
1.000000
1.000000
1.000000
1.000000
1.000000
1.000000
1.000000
1.000000
1.000000
1.000000
1.000000
1.000000
1.000000
1.000000
1.000000
1.000000
1.000000
1.000000
1.000000
1.000000
1.000000
1.000000
1.000000
1.000000
1.000000
1.000000
1.000000
1.000000
1.000000
1.000000
1.000000
1.000000
1.000000
1.000000
1.000000
1.000000
1.000000
1.000000
1.000000
1.000000
1.000000
1.000000
1.000000
1.000000
1.000000
1.000000
1.000000
1.000000
1.000000
1.000000
1.000000
1.000000
1.000000
1.000000
1.000000
1.000000
1.000000
1.000000
1.000000
1.000000
1.000000
1.000000
1.000000
1.000000
1.000000
1.000000
1.000000
1.000000
1.000000
1.000000
1.000000
1.000000
1.000000
1.000000
1.000000
1.000000
1.000000
1.000000
1.000000
1.000000
1.000000
1.000000
1.000000
1.000000
1.000000
1.000000
1.000000
1.000000
1.000000
1.000000
1.000000
1.000000
1.000000
1.000000
1.000000
1.000000
1.000000
1.000000
1.000000
1.000000
1.000000
1.000000
1.000000
1.000000
1.000000
1.000000
1.000000
1.000000
1.000000
1.000000
1.000000
1.000000
1.000000
1.000000
1.000000
1.000000
1.000000
1.000000
1.000000
1.000000
1.000000
1.000000
1.000000
1.000000
1.000000
1.000000
1.000000
1.000000
1.000000
1.000000
1.000000
1.000000
1.000000
1.000000
1.000000
1.000000
1.000000
1.000000
1.000000
1.000000
1.000000
1.000000
1.000000
1.000000
1.000000
1.000000
1.000000
1.000000
1.000000
1.000000
1.000000
1.000000
1.000000
1.000000
1.000000
1.000000
1.000000
1.000000
1.000000
1.000000
1.000000
1.000000
1.000000
1.000000
1.000000
1.000000
1.000000
1.000000
1.000000
1.000000
1.000000
1.000000
1.000000
1.000000
1.000000
1.000000
1.000000
1.000000
1.000000
1.000000
1.000000
1.000000
1.000000
1.000000
1.000000
1.000000
1.000000
1.000000
1.000000
1.000000
1.000000
1.000000
1.000000
1.000000
1.000000
1.000000
1.000000
1.000000
1.000000
1.000000
1.000000
1.000000
1.000000
1.000000
1.000000
1.000000
1.000000
1.000000
1.000000
1.000000
1.000000
1.000000
1.000000
1.000000
1.000000
1.000000
1.000000
1.000000
1.000000
1.000000
1.000000
1.000000
1.000000
1.000000
1.000000
1.000000
1.000000
1.000000
1.000000
1.000000
1.000000
1.000000
1.000000
1.000000
1.000000
1.000000
1.000000
1.000000
1.000000
1.000000
1.000000
1.000000
1.000000
1.000000
1.000000
1.000000
1.000000
1.000000
1.000000
1.000000
1.000000
1.000000
1.000000
1.000000
1.000000
1.000000
1.000000
1.000000
1.000000
1.000000
1.000000
1.000000
1.000000
1.000000
1.000000
1.000000
1.000000
1.000000
1.000000
1.000000
1.000000
1.000000
1.000000
1.000000
1.000000
1.000000
1.000000
1.000000
1.000000
1.000000
1.000000
1.000000
1.000000
1.000000
1.000000
1.000000
1.000000
1.000000
1.000000
1.000000
1.000000
1.000000
1.000000
1.000000
1.000000
1.000000
1.000000
1.000000
1.000000
1.000000
1.000000
1.000000
1.000000
1.000000
1.000000
1.000000
1.000000
1.000000
1.000000
1.000000
1.000000
1.000000
1.000000
1.000000
1.000000
1.000000
1.000000
1.000000
1.000000
1.000000
1.000000
1.000000
1.000000
1.000000
1.000000
1.000000
1.000000
1.000000
1.000000
1.000000
1.000000
1.000000
1.000000
1.000000
1.000000
1.000000
1.000000
1.000000
1.000000
1.000000
1.000000
1.000000
1.000000
1.000000
1.000000
1.000000
1.000000
1.000000
1.000000
1.000000
1.000000
1.000000
1.000000
1.000000
1.000000
1.000000
1.000000
1.000000
1.000000
1.000000
1.000000
1.000000
1.000000
1.000000
1.000000
1.000000
1.000000
1.000000
1.000000
1.000000
1.000000
1.000000
1.000000
1.000000
1.000000
1.000000
1.000000
1.000000
1.000000
1.000000
1.000000
1.000000
1.000000
1.000000
1.000000
1.000000
1.000000
1.000000
1.000000
1.000000
1.000000
1.000000
1.000000
1.000000
1.000000
1.000000
1.000000
1.000000
1.000000
1.000000
1.000000
1.000000
1.000000
1.000000
1.000000
1.000000
1.000000
1.000000
1.000000
1.000000
1.000000
1.000000
1.000000
1.000000
1.000000
1.000000
1.000000
1.000000
1.000000
1.000000
1.000000
1.000000
1.000000
1.000000
1.000000
1.000000
1.000000
1.000000
1.000000
1.000000
1.000000
1.000000
1.000000
1.000000
1.000000
1.000000
1.000000
1.000000
1.000000
1.000000
1.000000
1.000000
1.000000
1.000000
1.000000
1.000000
1.000000
1.000000
1.000000
1.000000
1.000000
1.000000
1.000000
1.000000
1.000000
1.000000
1.000000
1.000000
1.000000
1.000000
1.000000
1.000000
1.000000
1.000000
1.000000
1.000000
1.000000
1.000000
1.000000
1.000000
1.000000
1.000000
1.000000
1.000000
1.000000
1.000000
1.000000
1.000000
1.000000
1.000000
1.000000
1.000000
1.000000
1.000000
1.000000
1.000000
1.000000
1.000000
1.000000
1.000000
1.000000
1.000000
1.000000
1.000000
1.000000
1.000000
1.000000
1.000000
1.000000
1.000000
1.000000
1.000000
1.000000
1.000000
1.000000
1.000000
1.000000
1.000000
1.000000
1.000000
1.000000
1.000000
1.000000
1.000000
1.000000
1.000000
1.000000
1.000000
1.000000
1.000000
1.000000
1.000000
1.000000
1.000000
1.000000
1.000000
1.000000
1.000000
1.000000
1.000000
1.000000
1.000000
1.000000
1.000000
1.000000
1.000000
1.000000
1.000000
1.000000
1.000000
1.000000
1.000000
1.000000
1.000000
1.000000
1.000000
1.000000
1.000000
1.000000
1.000000
1.000000
1.000000
1.000000
1.000000
1.000000
1.000000
1.000000
1.000000
1.000000
1.000000
1.000000
1.000000
1.000000
1.000000
1.000000
1.000000
1.000000
1.000000
1.000000
1.000000
1.000000
1.000000
1.000000
1.000000
1.000000
1.000000
1.000000
1.000000
1.000000
1.000000
1.000000
1.000000
1.000000
1.000000
1.000000
1.000000
1.000000
1.000000
1.000000
1.000000
1.000000
1.000000
1.000000
1.000000
1.000000
1.000000
1.000000
1.000000
1.000000
1.000000
1.000000
1.000000
1.000000
1.000000
1.000000
1.000000
1.000000
1.000000
1.000000
1.000000
1.000000
1.000000
1.000000
1.000000
1.000000
1.000000
1.000000
1.000000
1.000000
1.000000
1.000000
1.000000
1.000000
1.000000
1.000000
1.000000
1.000000
1.000000
1.000000
1.000000
1.000000
1.000000
1.000000
1.000000
1.000000
1.000000
1.000000
1.000000
1.000000
1.000000
1.000000
1.000000
1.000000
1.000000
1.000000
1.000000
1.000000
1.000000
1.000000
1.000000
1.000000
1.000000
1.000000
1.000000
1.000000
1.000000
1.000000
1.000000
1.000000
1.000000
1.000000
1.000000
1.000000
1.000000
1.000000
1.000000
1.000000
1.000000
1.000000
1.000000
1.000000
1.000000
1.000000
1.000000
1.000000
1.000000
1.000000
1.000000
1.000000
1.000000
1.000000
1.000000
1.000000
1.000000
1.000000
1.000000
1.000000
1.000000
1.000000
1.000000
1.000000
1.000000
1.000000
1.000000
1.000000
1.000000
1.000000
1.000000
1.000000
1.000000
1.000000
1.000000
1.000000
1.000000
1.000000
1.000000
1.000000
1.000000
1.000000
1.000000
1.000000
1.000000
1.000000
1.000000
1.000000
1.000000
1.000000
1.000000
1.000000
1.000000
1.000000
1.000000
1.000000
1.000000
1.000000
1.000000
1.000000
1.000000
1.000000
1.000000
1.000000
1.000000
1.000000
1.000000
1.000000
1.000000
1.000000
1.000000
1.000000
1.000000
1.000000
1.000000
1.000000
1.000000
1.000000
1.000000
1.000000
1.000000
1.000000
1.000000
1.000000
1.000000
1.000000
1.000000
1.000000
1.000000
1.000000
1.000000
1.000000
1.000000
1.000000
1.000000
1.000000
1.000000
1.000000
1.000000
1.000000
1.000000
1.000000
1.000000
1.000000
1.000000
1.000000
1.000000
1.000000
1.000000
1.000000
1.000000
1.000000
1.000000
1.000000
1.000000
1.000000
1.000000
1.000000
1.000000
1.000000
1.000000
1.000000
1.000000
1.000000
1.000000
1.000000
1.000000
1.000000
1.000000
1.000000
1.000000
1.000000
1.000000
1.000000
1.000000
1.000000
1.000000
1.000000
1.000000
1.000000
1.000000
1.000000
1.000000
1.000000
1.000000
1.000000
1.000000
1.000000
1.000000
1.000000
1.000000
1.000000
1.000000
1.000000
1.000000
1.000000
1.000000
1.000000
1.000000
1.000000
1.000000
1.000000
1.000000
1.000000
1.000000
1.000000
1.000000
1.000000
1.000000
1.000000
1.000000
1.000000
1.000000
1.000000
1.000000
1.000000
1.000000
1.000000
1.000000
1.000000
1.000000
1.000000
1.000000
1.000000
1.000000
1.000000
1.000000
1.000000
1.000000
1.000000
